Бобовые-Горох цельный;14;23;1.2;53.3;-303;0;0;0.07;0.81;0.15;2.2;0.27;0;16;0;19;0;0;69;837;115;107;329;4;0
Бобовые-Фасоль;14;22.3;1.7;54.5;-309;0;0;0.02;0.5;0.18;2.1;0;0;0;0;0;0;0;40;1100;150;103;541;5;0
Бобовые-Чечевица;14;24.8;1.1;53.7;-310;0;0;0.03;0.5;0.21;1.8;0;0;0;2.21;0;0;0;101;672;83;0;294;5;0
Жиры. маргарин. масло-Масло сливочное;15.8;0.6;82.5;0.9;-748;0;0;0.84;0;0.1;0;0;0;0;0;0;0;0;74;23;22;3;19;0.2;0
Конфеты. сахар. шоколад-Мед;17.2;0.8;0;80.3;-308;2;0;0;0.01;0.03;0.2;0;0;0;25;0;0;0;25;25;14;3;18;1;0
Крупы-Геркулес;12;13.1;6.2;65.7;-355;0;0;0;0.45;0.1;0;0.27;0;23;0;20;0;0;75;421;117;135;361;5;0
Крупы-Гречневая ядрица;14;12.6;2.6;68;-329;0;0;0;0.43;0.2;3.87;0;0;0;0;0;0;0;40;530;120;258;351;6;0
Крупы-Манная;14;11.3;0.7;73.3;-326;0;0;0;0;0;0;0.17;0;23;0;0;0;0;0;0;0;0;0;0;0
Крупы-Перловая;0;0;0;0;0;0;0;0;0;0;0;0;0;0;0;0;0;0;0;0;0;0;0;0;0
Крупы-Пшено;0;0;0;0;0;0;0;0;0;0;0;0;0;0;0;0;0;0;0;0;0;0;0;0;0
Крупы-Рисовая;14;7;0.6;73.7;-323;0;0;0;0.52;0.12;3.82;0.18;0;19;0;3.5;0;0;89;202;66;96;323;2;0
Молоко и молочные продукты-Брынза из коровьего молока;52;17.9;20.1;0;-260;1;0;0.1;0.05;0.15;0.4;0;0;0;0;0;0;0;1200;95;630;24;375;0.7;0
Молоко и молочные продукты-Кефир жирный;88.3;2.8;3.2;4.1;-59;0;0;0;0.03;0.2;0;0;0;0;0;0;0;0;0;0;0;0;0;0;0
Молоко и молочные продукты-Молоко;0;0;0;0;0;0;0;0;0;0;0;0;0;0;0;0;0;0;0;0;0;0;0;0;0
Молоко и молочные продукты-Сметана 10%;82.7;3;10;2.9;-116;0.5;0;0.09;0.03;0.01;0.15;0;0;0;0;0;0;0;50;124;90;10;62;0.1;0
Молоко и молочные продукты-Сыр голландский;38.8;26.8;27.3;0;-361;2.8;0;0.39;0.03;0.38;0.4;0;0;0;0;0;0;0;1000;130;1040;0;544;0;0
Молоко и молочные продукты-Творог жирный;0;0;0;0;0;0;0;0;0;0;0;0;0;0;0;0;0;0;0;0;0;0;0;0;0
Орехи-Арахис;10;26.3;45.2;9.7;-548;6;0;0;0.8;0.1;14.7;0;0;0;0;0;0;9;26;732;85;202;390;6;0
Орехи-Грецкий орех;5;13.8;61.3;10.2;-648;2.8;0;0.05;0.4;0.1;1;0;0;0;0;0;0;0;3;664;124;198;564;2;0
Орехи-Миндаль;4;18.6;57.7;13.6;-645;0;0;0;0.25;0.65;4;0;0;0;0;0;0;0;22;773;274;225;465;4;0
Орехи-Семя подсолнечника;8;20.7;52.9;5;-578;0;0;0;1.8;0.2;10.1;0;0;0;0;0;0;50;160;647;280;317;530;3.6;0
Орехи-Фундук;4.8;16.1;66.9;9.9;-704;1.4;0;0.01;0.3;0.1;2;0;0;0;0;0;0;2.6;3;717;170;172;299;3;0
Рыба и морепродукты-Кальмар;80.3;18;0.3;0;-75;1.5;0;0;0.2;0.09;2.5;0;0;0;0;0;0;0;110;280;40;90;0;1;0
Рыба и морепродукты-Креветка;77.5;18;0.8;0;-83;0;0;0;0;0;0;0;0;0;0;0;0;0;0;293;193;94;0;2;0.1
Рыба и морепродукты-Морская капуста;88;0.9;0.2;3;-5;2;0;0.15;0.04;0.07;0.4;0;0;0;0;0;0;0;518;968;40;171;55;12;0.5
Фрукты и ягоды-Груша;87.5;0.4;0;10.7;-42;5;0;0.01;0.02;0.03;0.1;0;0;0;0;0;0;0;14;155;19;12;16;2;0
Фрукты и ягоды-Яблоки;86.5;0.4;0;11.3;-46;13;0;0.03;0.01;0.03;0.3;0;0;0;0;0;0;0;26;248;16;9;11;2;0
Фрукты и ягоды-Абрикосы;86;0.9;0;10.5;-46;10;0;1.6;0.03;0.06;0.7;0;0;0;0;0;0;0;30;305;28;19;26;2;0
Фрукты и ягоды-Ананас;86;0.4;0;11.8;-48;40;0;0.04;0.08;0.03;0.2;0;0;0;0;0;0;0;24;321;16;11;11;1;0
Фрукты и ягоды-Апельсин;87.5;0.9;0;8.4;-38;60;0;0.05;0.04;0.03;0.2;0;0;0;0;0;0;0;13;197;34;13;23;0.3;0
Фрукты и ягоды-Бананы;74;1.5;0;22.4;-91;10;0;0.12;0.04;0.05;0.6;0;0;0;0;0;0;0;31;348;8;42;28;1;0
Фрукты и ягоды-Брусника;87;0.7;0;8.6;-40;15;0;0.05;0;0;0;0;0;0;0;0;0;0;7;73;40;7;16;0.4;0
Фрукты и ягоды-Виноград;80.2;0.4;0;17.5;-69;6;0;0;0.05;0.02;0.3;0;0;0;0;0;0;0;26;255;45;17;22;0.6;0
Фрукты и ягоды-Вишня;85.5;0.8;0;11.3;-49;15;0;0.1;0.03;0.03;0.4;0;0;0;0;0;0;0;20;256;37;26;30;1;0
Фрукты и ягоды-Голубика;88.2;1;0;7.7;-37;20;0;0;0.01;0.02;0.3;0;0;0;0;0;0;0;6;51;16;7;8;1;0
Фрукты и ягоды-Гранат;85;0.9;0;11.8;-52;4;0;0;0.04;0.01;0.4;0;0;0;0;0;0;0;0;0;0;0;0;0;0
Фрукты и ягоды-Грейпфрут;89;0.9;0;7.3;-35;60;0;0.02;0.04;0.02;0.2;0;0;0;0;0;0;0;13;184;23;10;18;0.5;0
Фрукты и ягоды-Ежевика;88;2;0;5.3;-33;15;0;0.1;0.01;0.05;0.4;0;0;0;0;0;0;0;21;208;30;29;32;1;0
Фрукты и ягоды-Земляника;84.5;1.8;0;8.1;-41;60;0;0.03;0.03;0.05;0.3;0;0;0;0;0;0;0;18;161;40;18;23;1;0
Фрукты и ягоды-Инжир;83;0.7;0;13.9;-56;2;0;0.05;0.06;0.05;0.5;0;0;0;0;0;0;0;18;190;0;0;0;3;0
Фрукты и ягоды-Клюква;89.5;0.5;0;4.8;-28;15;0;0;0.02;0.02;0.15;0;0;0;0;0;0;0;12;119;14;8;11;0.6;0
Фрукты и ягоды-Крыжовник;85;0.7;0;9.9;-44;30;0;0.2;0.01;0.02;0.25;0;0;0;0;0;0;0;23;260;22;8;11;0.6;0
Фрукты и ягоды-Лимон;87.7;0.9;0;3.6;-31;40;0;0.01;0.04;0.02;0.1;0;0;0;0;0;0;0;11;163;40;12;22;0.6;0
Фрукты и ягоды-Малина;87;0.8;0;9;-41;25;0;0.2;0.02;0.05;0.6;0;0;0;0;0;0;0;19;224;40;22;37;1.6;0
Фрукты и ягоды-Мандарин;88.5;0.8;0;8.6;-38;38;0;0.06;0.06;0.03;0.2;0;0;0;0;0;0;0;12;155;35;11;17;0.1;0
Фрукты и ягоды-Облепиха;75;0.9;0;5.5;-30;200;0;10;0.1;0.05;0.06;0;0;0;0;0;0;0;0;0;0;0;0;0;0
Фрукты и ягоды-Персики;86.5;0.9;0;10.4;-44;10;0;0.5;0.04;0.01;0.7;0;0;0;0;0;0;0;0;363;20;16;34;4;0
Фрукты и ягоды-Рябина садовая;81;1.4;0;12.5;-58;70;0;9;0.05;0.02;0.5;0;0;0;0;0;0;0;0;0;0;0;0;0;0
Фрукты и ягоды-Рябина черноплодная;80.5;1.5;0;12;-54;15;0;1.2;0.01;0.02;0.3;0;0;0;0;0;0;0;0;0;0;0;0;0;0
Фрукты и ягоды-Слива садовая;87;0.8;0;9.9;-43;10;0;0.1;0.06;0.04;0.6;0;0;0;0;0;0;0;18;214;28;17;27;2;0
Фрукты и ягоды-Смородина черная;85;1;0;8;-40;200;0;0.1;0.02;0.02;0.3;0;0;0;0;0;0;0;32;372;36;35;33;1;0
Фрукты и ягоды-Финики;20;2.5;0;72.1;-281;0.3;0;0;0.05;0.05;0.6;0;0;0;0;0;0;0;32;370;65;69;56;2;0
Фрукты и ягоды-Хурма;81.5;0.5;0;15.9;-62;15;0;1.2;0.02;0.03;0.2;0;0;0;0;0;0;0;15;200;127;56;42;2;0
Фрукты и ягоды-Черешня;85;1.1;0;12.3;-52;15;0;0.15;0.01;0.01;0.4;0;0;0;0;0;0;0;13;233;33;24;28;2;0
Фрукты и ягоды-Черника;86.5;1.1;0;8.6;-40;10;0;0;0.01;0.02;0.3;0;0;0;0;0;0;0;6;51;16;6;13;7;0
Фрукты и ягоды-Шиповник свежий;66;1.6;0;24;-101;470;0;2.6;0.05;0.33;0.6;0;0;0;0;0;0;0;5;23;26;8;8;11;0
Фрукты и ягоды-Шиповник сушеный;0;0;0;0;0;0;0;0;0;0;0;0;0;0;0;0;0;0;0;0;0;0;0;0;0
Хлеб. хлебобулочные изделия. мука-Хлеб пшеничный из муки I сорта;34.3;7.7;2.4;53.4;-254;0;0;0;0.21;0.12;2.81;0;0;0;0;0;0;0;0;0;0;0;0;0;0
